0.04550399413
0.0321751681
0.02627135411
0.02275231505
0.02035097328
0.01857848113
0.01720097454
0.01609065395
0.0151710031
0.01439304186
0.01372376928
0.01314003083
0.01262503699
0.01216627706
0.01175421201
0.01138142453
0.01104204845
0.01073137511
0.01044557536
0.01018149906
0.009936527683
0.009495450023
0.009295900184
0.008931936469
0.008607727973
0.008316530594
0.008053100304
0.007813289742
0.00759376994
0.007296747851
0.007117132026
0.006871057418
0.006648963569
0.006447195581
0.006204825638
0.006040070238
0.005839626841
0.005658012713
0.005453304975
0.005304732582
0.005135159911
0.004951808183
0.00478694344
0.004637658848
0.004501649543
0.004357296651
0.004208362718
0.004073891991
0.003951690437
0.003813551507
0.003701033596
0.003576346903
0.003463659548
0.00335230411
0.003243220596
0.00314433446
0.003040974757
0.0029473961
0.002851352187
0.002759484906
0.002671788017
0.002588196445
0.00250499994
0.002426334148
0.002348986417
0.002276189595
0.002205185233
0.002136328591
0.002067890078
0.002004155564
0.001941413217
0.001881608194
0.001823356869
0.001766945206
0.001712566583
0.001660339649
0.001609443763
0.001560940815
0.001513346228
0.001468301481
0.001423918829
0.001381630731
0.001340924709
0.001301450919
0.001263373082
0.001226796451
0.001191462881
0.001157201576
0.001124421946
0.00109291452
0.001062533489
0.001033181077
0.001004964625
0.000977949386
0.0009518925351
0.0009267587625
0.0009027482559
0.0008795806676
0.0008574339233
0.0008360921874
0.0008156331856
0.0007960378608
0.0007772304443
0.0007592118357
0.0007419789174
0.0007255246498
0.0007097259094
0.0006946376705
0.0006802605152
0.0006665083304
0.0006533956804
0.0006408848415
0.0006289676233
0.0006176348433
0.0006068609532
0.0005966122171
0.0005868880288
0.0005776625135
0.0005689157744
0.0005606402077
0.000552819633
0.0005454335043
0.0005384655376
0.0005319072848
0.0005257408085
0.0005199517078
0.0005145279207
0.0005094588432
0.0005047321166
0.0005003326355
0.0004962546158
0.0004924847053
0.0004890154284
0.000485835947
0.000482938801
0.0004803174239
0.0004779635431
0.0004758706877
0.0004740340795
0.0004724472951
0.0004711070842
0.000470009069
0.000469150351
0.0004685283281
0.00046814144
0.0004679885396
0.0004680692268
0.0004683838023
0.0004689332258
0.0004697191208
0.0004707439434
0.0004720103858
0.0004735225661
0.0004752843701
0.0004773011786
0.0004795787578
0.0004821230991
0.0004849415222
0.0004880417283
0.0004914319456
0.0004951211137
0.000499119085
0.0005034362927
0.0005080831195
0.0005130716819
0.000518413862
0.0005241225468
0.0005302109823
0.0005366931993
0.0005435841572
0.0005508985472
0.0005586525287
0.0005668622562
0.0005755447917
