0.04524136704
0.03180943907
0.02592322954
0.02242915198
0.02005013464
0.01829655986
0.01693505024
0.01583838081
0.0149305112
0.01416282937
0.01350261571
0.01292693186
0.01241915622
0.01196691016
0.01156075988
0.01119337287
0.01085895208
0.0105528458
0.01027127224
0.01001112095
0.009769806997
0.009335351749
0.009138812585
0.008780361456
0.008461084489
0.008174331401
0.007914932148
0.007678798591
0.007462649793
0.007170194785
0.006993343056
0.00675105663
0.006532381733
0.006333718438
0.006095074415
0.005932848425
0.005735477285
0.0055566407
0.005355054914
0.005208741317
0.005041738094
0.004861152478
0.004698762351
0.004551706599
0.004417716693
0.004275493814
0.004128741289
0.003996224152
0.003875783158
0.003739615384
0.003628686391
0.003505740936
0.003394607614
0.003284767442
0.003177146437
0.003079565384
0.002977546483
0.002885159021
0.002790312832
0.002699565152
0.002612910782
0.002530286576
0.002448024707
0.002370214182
0.002293677652
0.00222161467
0.002151295641
0.002083072073
0.002015228978
0.001952015667
0.001889751982
0.001830368364
0.001772491669
0.001716405915
0.001662303861
0.001610304576
0.001559591443
0.001511223487
0.001463720865
0.00141872295
0.001374344868
0.001332019458
0.001291235895
0.001251644735
0.001213411198
0.001176642687
0.001141081446
0.001106556822
0.00107348336
0.001041652398
0.001010918955
0.000981186288
0.0009525656484
0.0009251264496
0.0008986252723
0.0008730292211
0.0008485458853
0.000824893335
0.0008022573334
0.0007804217106
0.0007594705841
0.0007393894931
0.0007201060974
0.0007016269247
0.0006839547189
0.0006670884724
0.0006509085588
0.0006354782258
0.0006208051046
0.0006068087298
0.0005935117319
0.000580883868
0.0005689251662
0.000557634712
0.0005469954298
0.0005369827826
0.0005276050132
0.000518845887
0.0005106954716
0.0005031554249
0.0004962193104
0.0004898771385
0.0004841231447
0.000478957979
0.0004743745648
0.0004703690361
0.0004669393265
0.0004640841037
0.0004618008536
0.0004600864381
0.0004589417269
0.0004583649117
0.0004583559435
0.0004589148429
0.0004600421824
0.0004617380186
0.0004640040107
0.0004668420885
0.0004702526697
0.0004742407517
0.0004788064104
0.0004839546086
0.0004896882831
0.0004960132507
0.0005029327685
0.0005104528604
0.0005185795038
0.0005273199194
0.0005366809866
0.0005466705507
0.0005572987221
0.0005685719154
0.000580504223
0.0005931028491
0.0006063821875
0.000620355017
0.0006350324415
0.0006504304346
0.0006665640904
0.0006834487764
0.0007011011555
0.0007195400647
0.0007387848973
0.0007588530347
0.0007797676941
0.0008015493849
0.0008242213038
0.0008478066969
0.0008723306124
0.000897820384
0.0009243012552
0.000951802839
0.0009803537568
0.001009984951
