0.02293275725
0.02259390515
0.02108109552
0.01930429366
0.01781152166
0.01660519026
0.01560464314
0.01475762184
0.01403245505
0.01341035088
0.01286077286
0.01237735685
0.01194660611
0.01155979069
0.0112123136
0.01089488836
0.01060578859
0.01034006392
0.010093071
0.009863445143
0.009651193911
0.009267901872
0.009094288999
0.008777440841
0.008494379546
0.008238670592
0.008006197627
0.007792859954
0.007595841539
0.007326592136
0.007160503711
0.006928517747
0.00671404322
0.006514807974
0.006271174696
0.006103750227
0.005897625042
0.005708710547
0.005492604895
0.005333244511
0.005149580808
0.004951437532
0.004774586178
0.004616906438
0.004474692347
0.004325179289
0.004172052053
0.004033670984
0.003908655757
0.003767097947
0.003653903369
0.003528665129
0.00341579962
0.003304708717
0.003195937874
0.003095510003
0.002987470235
0.002888032365
0.002786615675
0.002690675454
0.002602316983
0.002520111229
0.00243943434
0.002364987606
0.002293069666
0.002223721271
0.002156355048
0.002091598356
0.002023478363
0.001960170473
0.001897470975
0.001836333342
0.001775662856
0.001716656781
0.001656047913
0.001598284279
0.001543631693
0.001491154371
0.001442788106
0.001397419279
0.001351543983
0.001307859706
0.001266276201
0.001226156988
0.001187675292
0.001150834289
0.00111335196
0.001075997369
0.001039204111
0.001002749552
0.0009681276248
0.0009342724971
0.0009021652516
0.0008732267211
0.0008452722559
0.0008179370693
0.0007932094815
0.0007696061155
0.0007484080434
0.0007286325313
0.0007095548852
0.0006923118071
0.0006763505977
0.0006609760597
0.0006448683828
0.0006318794788
0.0006188508354
0.0006071133353
0.0005951272099
0.0005821340939
0.0005690438651
0.0005567994181
0.0005436058103
0.0005287836072
0.0005140283159
0.0004998036385
0.0004853836266
0.0004714488962
0.0004572484495
0.0004443654806
0.0004329332698
0.0004227010207
0.0004145515497
0.0004081587796
0.0004032172906
0.0003990606915
0.000395897079
0.0003936624882
0.0003929228474
0.0003922002081
0.00039043495
0.0003870460139
0.0003831218001
0.0003783348447
0.0003730679785
0.0003671795877
0.0003605828975
0.0003529027224
0.0003438644934
0.0003356167093
0.0003281490256
0.0003225440291
0.000318161194
0.0003132931783
0.0003099084317
0.0003060406764
0.0003030927988
0.0003018452391
0.0003017254185
0.0003019990992
0.0003038637325
0.0003057631779
0.0003077090878
0.0003091210667
0.0003097686229
0.0003109011786
0.0003115958685
0.0003106505135
0.0003087237499
0.0003067061703
0.0003044759382
0.0003038081194
0.0003038184199
0.0003063133164
0.0003115317775
0.000317048381
0.0003233119625
0.0003299277835
0.0003365081616
0.0003343509163
0.000322744283
0.0003134145707
0.0003018954909
0.0002980324699
