0.04798217646
0.0334621569
0.02719366103
0.02349477113
0.02098446889
0.01913791097
0.01770622741
0.01655421942
0.01560128345
0.01479598807
0.01410376758
0.0135004185
0.01296841986
0.01249473403
0.012069432
0.01168480105
0.01133474674
0.011014381
0.0107197315
0.01044753229
0.01019507007
0.009740606265
0.009535040503
0.009160163546
0.008826293185
0.008526460458
0.008255249207
0.008008377801
0.007782410798
0.007476685572
0.007291815633
0.007038550324
0.006809970626
0.006602310661
0.006352859186
0.006183284863
0.005976969865
0.005790024238
0.00557928979
0.005426329036
0.005251729822
0.005062917498
0.004893115757
0.004739334901
0.004599204599
0.004450448693
0.004296936115
0.004158295763
0.004032271904
0.00388976937
0.003773659573
0.003644948234
0.003528578825
0.003413538221
0.003300794619
0.003198542883
0.003091611441
0.002994746368
0.002895271641
0.002800061943
0.002709112815
0.002622359239
0.002535949122
0.002454177138
0.00237370434
0.002297895298
0.002223879551
0.00215202622
0.002080526802
0.002013860104
0.001948146179
0.001885421979
0.001824237456
0.001764891909
0.001707589154
0.001652455867
0.001598625797
0.001547223335
0.00149667539
0.001448726675
0.001401368511
0.001356128983
0.001312463661
0.001269997976
0.001228908375
0.001189310607
0.001150927191
0.001113572707
0.001077695656
0.001043070888
0.001009540725
0.0009769987506
0.0009455662061
0.0009153202059
0.0008859926843
0.0008575460286
0.0008302113505
0.0008036741228
0.000778142738
0.0007533734668
0.0007294610243
0.000706389382
0.0006840754518
0.000662526527
0.0006417462286
0.0006217345123
0.0006023492839
0.0005836657866
0.0005656947531
0.0005483383992
0.0005316250192
0.0005155173531
0.0005000161768
0.0004851219235
0.000470814103
0.000457061183
0.0004438762959
0.0004312391196
0.0004191375457
0.0004075769317
0.0003965513051
0.0003860487699
0.0003760636332
0.000366601783
0.000357655743
0.0003492232617
0.0003413056251
0.0003339063153
0.000327026199
0.0003206620395
0.0003148238581
0.0003095103743
0.0003047281771
0.0003004785313
0.0002967666068
0.000293597616
0.0002909736044
0.0002888978137
0.0002873738431
0.000286402716
0.0002859865903
0.000286125725
0.0002868199129
0.0002880684104
0.0002898692052
0.0002922199713
0.0002951176864
0.0002985591165
0.0003025403392
0.0003070573395
0.0003121068303
0.000317683537
0.0003237858515
0.0003304087365
0.0003375509709
0.0003452107545
0.0003533856154
0.0003620761057
0.0003712827004
0.0003810064419
0.0003912495515
0.0004020159714
0.0004133104378
0.0004251369548
0.0004375034056
0.0004504165128
0.0004638850021
0.0004779180231
0.0004925261696
0.0005077217483
0.0005235161466
0.0005399236615
0.000556958279
0.0005746356293
