1949.307675
1704.611962
1256.670979
982.9119831
827.5929065
725.7524448
652.2029675
596.032085
550.2870777
512.592671
481.979721
455.8102093
433.0303225
413.134875
395.8747717
380.1236433
366.4942918
354.257416
343.0296752
332.633885
323.0395032
306.2215304
298.6435196
284.8530785
273.2454338
262.6306029
253.1814715
244.6603658
237.0582051
226.9359992
220.9896369
212.8185287
205.6804524
199.0851656
191.0616916
185.549534
178.9219594
172.9382418
166.0354612
161.059053
155.2483143
149.0016893
143.5094563
138.6135688
134.1970805
129.6751997
125.1161804
120.9439959
117.1797783
113.0634234
109.73129
106.038531
102.6408262
99.23902132
95.96521963
93.00892187
89.78330339
86.87446405
83.87270968
80.83693749
77.90308834
75.10131076
72.24191138
69.26578763
66.39353846
63.70792886
61.13616762
58.68355039
56.4186778
54.42567594
52.59235522
50.92534744
49.36418971
48.33618214
47.46782769
46.59459884
45.75472573
44.90020098
44.01574701
43.22950014
42.4807569
41.71563033
40.98349481
40.28099455
39.61677363
38.8835253
38.09934125
37.25225303
36.27014924
35.13654976
33.8013787
32.41451185
30.93472161
29.35478204
27.60192444
25.88600425
24.23485982
22.69743602
21.39830406
20.36418358
19.51476873
18.82109321
18.18979247
17.6802959
17.25619739
16.96434184
16.73770273
16.44004496
16.00869882
15.48766129
14.94692929
14.41339541
14.00126436
13.75199161
13.61445694
13.4174685
13.15513091
12.87297263
12.57751586
12.32165979
12.02084312
11.75919269
11.56270543
11.40691847
11.17538559
10.97342022
10.81272285
10.61136474
10.44728478
10.29972714
10.16237203
10.05627105
9.90910381
9.738241171
9.530307703
9.348005965
9.162042601
8.982451458
8.797342231
8.613818609
8.432417095
8.288417024
8.142785843
8.062787904
8.023519279
8.008975055
7.959056871
7.904711751
7.852034011
7.852427638
7.83255583
7.759323892
7.637700125
7.458236245
7.300406378
7.150601121
7.070394563
7.030175708
7.015512218
7.015656413
6.958177396
6.894315302
6.793623103
6.754055633
6.693194087
6.691330758
6.719035544
6.774737898
6.828410778
6.907551714
7.032673841
7.193637336
7.47312905
7.88567233
