2476.578193
1376.152873
1000.940679
808.4978109
689.940996
608.7837473
549.2854789
503.5156888
467.0313897
437.1427507
412.1218925
390.8056617
372.3807757
356.2604525
342.010007
329.3000991
317.8763122
307.5387559
298.1280273
289.5153254
281.595346
267.4999636
261.1909266
249.7895435
239.7455381
230.811398
222.7981557
215.5587845
208.9769912
200.1380069
194.8289601
187.5983365
181.1136182
175.2552522
168.2580322
163.5257046
157.7937964
152.6237469
146.8220303
142.6277757
137.8570414
132.7175754
128.1124414
123.9551482
120.1775969
116.1783699
112.0626163
108.355191
104.9928015
101.1992545
98.11477072
94.70208701
91.62239243
88.5830578
85.60925575
82.91620794
80.10385747
77.55962808
74.95007591
72.45536291
70.07488992
67.80651734
65.5492664
63.41507195
61.31651903
59.34110037
57.4137731
55.54399003
53.68457494
51.95183549
50.24475721
48.61613593
47.02819917
45.48862071
44.00259237
42.57330595
41.17822723
39.84642193
38.53706688
37.29529425
36.06902727
34.89778452
33.76741986
32.66819346
31.60463231
30.579694
29.58616025
28.61919666
27.69038061
26.79385338
25.92550227
25.0825404
24.26807822
23.48408704
22.72359017
21.98557942
21.27602179
20.58672226
19.92306136
19.2786698
18.65597286
18.05451667
17.47209414
16.90885012
16.36483342
15.83999694
15.33055683
14.83842598
14.36382862
13.90411348
13.45995093
13.03026723
12.61499092
12.21403847
11.82675641
11.45217402
11.09052253
10.74111072
10.40345364
10.0775415
9.763039996
9.459428235
9.16634157
8.883743557
8.611190482
8.348373571
8.095078246
7.851152681
7.616353423
7.390275095
7.172971522
6.964089176
6.76357078
6.571148042
6.386723409
6.210241751
6.041508186
5.880411031
5.726939535
5.580906018
5.442355321
5.311181706
5.187372952
5.070876898
4.961714103
4.859872624
4.765362617
4.678196835
4.598406334
4.526023631
4.461076248
4.403620413
4.353676088
4.311298474
4.276514138
4.249357005
4.229858245
4.218035008
4.213900577
4.217459601
4.22870751
4.247632699
4.274216727
4.308429483
4.350242757
4.399617992
4.456517076
4.520898549
4.592723558
4.671959815
4.758569447
4.852530575
4.953821603
5.062433351
