0.001207587946
0.002415175893
0.003622763839
0.004830351785
0.006037939731
0.007245527678
0.008453115624
0.00966070357
0.01086829152
0.01207587946
0.01328346741
0.01449105536
0.0156986433
0.01690623125
0.01811381919
0.01932140714
0.02052899509
0.02173658303
0.02294417098
0.02415175893
0.02535934687
0.02777452276
0.02898211071
0.0313972866
0.0338124625
0.03622763839
0.03864281428
0.04105799017
0.04347316607
0.04709592991
0.0495111058
0.05313386964
0.05675663348
0.06037939731
0.0652097491
0.06883251294
0.07366286472
0.07849321651
0.08453115624
0.08936150803
0.09539944776
0.1026449754
0.1098905031
0.1171360308
0.1243815585
0.1328346741
0.1424953777
0.1521560812
0.1618167848
0.1738926643
0.1847609558
0.1980444232
0.2113278906
0.225818946
0.2415175893
0.2572162326
0.2753300518
0.2934438709
0.313972866
0.3357094491
0.35865362
0.382805379
0.4093723138
0.4371468366
0.4673365352
0.4987338218
0.5325462843
0.5687739227
0.6086243249
0.6496823151
0.6943630691
0.741458999
0.7921776928
0.8465191503
0.9044833718
0.966070357
1.032487694
1.102527795
1.178605836
1.25830664
1.345252972
1.437029656
1.53484428
1.639904431
1.75221011
1.871761317
1.999765639
2.137430665
2.283548806
2.439327651
2.605974788
2.784697804
2.9754967
3.178371475
3.395737305
3.628801779
3.876357308
4.142026656
4.424602235
4.72770681
5.051340379
5.396710532
5.766232444
6.161113702
6.582561895
7.031784611
7.513612202
8.028044667
8.576289595
9.163177336
9.789915481
10.46012679
11.17622644
11.94062961
12.75695906
13.63004515
14.56230304
15.5585631
16.62365567
17.76120351
18.97603699
20.27419403
21.66171258
23.14342299
24.72657079
26.4184015
28.22616066
30.15709378
32.21965399
34.42470958
36.77950608
39.29611936
41.98421013
44.85706185
47.92675041
51.20535169
54.70856432
58.45208695
62.45041064
66.72406438
71.28874682
76.16619454
81.37693652
86.94512454
92.89370277
99.24923813
106.0395052
113.2946935
121.0462006
129.3278387
138.1770432
147.6300416
157.7315148
168.5225207
180.0525704
192.3723826
205.5338836
219.5962453
234.6210545
250.6735211
267.8236851
286.1476246
305.7262479
326.6428788
348.9917089
372.8693454
398.3808483
425.6373158
454.7582992
485.8730102
519.1154912
554.6330678
592.5803115
633.1238692
