2124.772902
1271.91463
967.6726163
805.6052027
702.5814422
630.1912455
575.9406382
533.4192242
498.9740273
470.3582948
446.1075145
425.2223992
406.9954419
390.9102225
376.5800403
363.7089641
352.066246
341.469008
331.7702238
322.8501846
314.6103184
299.8563025
293.2150742
281.1542402
270.4658835
260.9084907
252.2960568
244.4827104
237.3522372
227.7363494
221.9387046
214.0163214
206.8855975
200.4230105
192.678768
187.4257718
181.0467596
175.2777893
168.7870452
164.083706
158.7229342
152.9349967
147.7377478
143.0371412
138.7588373
134.2223037
129.5460749
125.3274235
121.4963134
117.1683088
113.644985
109.7424298
106.2168696
102.7340998
99.32325275
96.2318093
93.00086256
90.07578478
87.07356322
84.20161216
81.45957135
78.84527413
76.24252862
73.78058382
71.35879061
69.07829128
66.85262152
64.69281799
62.54448692
60.54212782
58.56912509
56.68659217
54.85095856
53.07117624
51.35332477
49.70116567
48.08872012
46.5496455
45.03682899
43.60247278
42.18648254
40.83455316
39.53039937
38.26284191
37.03716273
35.85682283
34.71356536
33.60189994
32.5351982
31.50678139
30.51199887
29.54774149
28.61765143
27.72404883
26.8590656
26.0216697
25.21872737
24.44107233
23.69489523
22.97316399
22.27875096
21.61129448
20.96851252
20.35075315
19.75825792
19.19116154
18.64561172
18.12392227
17.6265615
17.15102172
16.69830364
16.26762772
15.8592603
15.47345203
15.10991478
14.76811816
14.44866262
14.15132228
13.87609496
13.62337291
13.39327133
13.18578474
13.00104284
12.83936441
12.70080093
12.58548604
12.49357855
12.42521785
12.38047171
12.35937621
12.36198838
12.38829946
12.43826018
12.51183316
12.60892162
12.72935739
12.87304653
13.0398581
13.22954638
13.44209617
13.67720481
13.93481651
14.21476119
14.51700606
14.84139504
15.18790825
15.55652864
15.94730328
16.3602732
16.79553346
17.25328811
17.73359379
18.23684637
18.76316026
19.31296285
19.88662186
20.48444643
21.10695332
21.75462999
22.42798192
23.12757272
23.85405714
24.60811561
25.39035399
26.20160929
27.04261532
27.91421217
28.81724344
29.75262312
30.72135282
31.72435512
32.76271859
33.837494
34.94981932
