1805.508576
1554.032258
1131.582438
877.3006026
734.4982085
642.5486141
574.4324513
523.327304
483.5524285
450.877795
423.4543763
399.8483363
380.3214759
363.0606224
347.2790635
333.5403979
321.0104815
309.7565308
299.7488529
290.4946853
281.8684652
267.0227028
260.4372585
248.5203243
238.2086433
229.2028122
220.8524501
213.5135842
206.8213048
197.7567572
192.3500154
185.2620688
178.9411586
173.1194594
166.0445133
161.1590981
155.2493519
150.0638368
144.2312805
140.028701
135.208347
129.9327902
125.3209199
121.126533
117.4120997
113.4969884
109.5869629
106.0053375
102.7365386
99.06871975
96.08477334
92.89168431
89.94534653
86.94535001
83.97381162
81.33929204
78.55720865
76.02205626
73.3537865
70.84230434
68.32921753
65.85340021
63.38735905
60.95939907
58.62228012
56.44266392
54.32480471
52.31317494
50.4246107
48.68689658
47.01538198
45.5194374
44.1350244
43.09440732
42.19728391
41.26409714
40.32168598
39.41790503
38.46115067
37.58346849
36.77035441
36.02152353
35.30758779
34.60642298
33.87369615
33.12523557
32.39348469
31.63420271
30.84328335
29.93839331
28.88119083
27.76064658
26.53550156
25.22900916
23.82184636
22.46533448
21.13253071
19.82685486
18.67892059
17.67289186
16.86408596
16.22420958
15.70996284
15.34682294
15.0680767
14.85298443
14.67519533
14.44665266
14.13113185
13.73411173
13.27004176
12.78818069
12.3488478
11.98622409
11.68604341
11.3468973
11.03955974
10.67188328
10.26264628
9.869897677
9.48154864
9.110375439
8.777381971
8.480811245
8.1196641
7.828007283
7.56451407
7.233031744
6.959822476
6.711355633
6.482036407
6.309821946
6.158834676
6.003187238
5.84312372
5.716478457
5.581025243
5.457700726
5.337667531
5.267005999
5.188483902
5.109927625
5.007019847
4.920046324
4.822676242
4.710019111
4.589036178
4.464077583
4.320164212
4.18579597
4.019474924
3.835122798
3.664445763
3.504414675
3.38792322
3.271013003
3.220063705
3.158136422
3.157912713
3.199949424
3.289553957
3.416387297
3.571129214
3.747143242
3.920588033
4.041172951
4.105157896
4.12163284
4.131520075
4.132623328
4.005601334
3.781367398
3.516929676
3.306570838
