2421.552718
2111.774053
1542.743048
1191.329324
994.3757233
869.6883583
779.9116999
711.2191728
656.4035101
610.6417041
573.4440923
542.1406577
515.1468948
491.1991674
470.3223626
451.6416558
434.8311025
419.8445736
406.3189337
393.7666679
382.1152449
361.4310215
352.3862997
336.0010886
322.0999386
309.542744
298.3208462
288.3097978
279.1234717
267.0967736
259.9392364
250.2664501
241.917685
234.0274503
224.5405215
217.9228717
209.9325414
203.0179003
195.0672222
189.3347959
182.8159396
175.6673211
169.3752721
163.6665185
158.6017865
153.3189123
147.9799585
143.1581987
138.7876235
134.0044587
130.1162447
125.7777264
121.8615259
117.9393134
114.0386532
110.5532043
106.8127627
103.3163835
99.70550782
96.17740842
92.60658914
89.13801571
85.56786544
81.9256864
78.37695213
75.04412609
71.92773821
69.04991864
66.30989905
63.76468827
61.40105853
59.28019218
57.33169528
55.97848998
54.82154474
53.69712411
52.52159143
51.32667778
50.04378199
48.79765923
47.55282537
46.27004618
44.99569433
43.8235785
42.72167859
41.56774132
40.4109059
39.33465958
38.26002176
37.09850792
35.76482935
34.38318235
32.96212465
31.44601543
29.7333864
28.04836933
26.51271601
24.94561049
23.41787932
22.12730645
21.06881364
20.19149639
19.5000061
18.90437224
18.44309619
17.99779806
17.62792315
17.24525028
16.83324699
16.27087708
15.61671258
14.95490183
14.40522261
13.97785535
13.56452727
13.15321415
12.7772422
12.33584468
11.83895431
11.33991115
10.89195399
10.50813741
10.18354339
9.788239282
9.438080576
9.247030482
9.016594824
8.68983186
8.406210101
8.155358934
7.90011726
7.613923984
7.321700649
7.047820473
6.768639961
6.480934621
6.222073321
5.994228197
5.828332166
5.646425888
5.469710626
5.302166928
5.139414003
4.974672085
4.816888139
4.672576442
4.53139578
4.390664775
4.245213826
4.048708579
3.857740686
3.635943521
3.440055828
3.237449544
2.980816958
2.706883418
2.430478148
2.112990136
1.856474473
1.68545561
1.647181333
1.618945914
1.682812302
1.753153041
1.811985773
1.913234721
1.977845735
2.007391898
1.970273342
1.772413395
1.679859947
1.675426268
1.744070155
1.692114393
