3076.464063
1710.249849
1244.320664
1005.30444
858.0298205
757.1981681
683.2657686
626.3852207
581.039166
543.8870706
512.7828919
486.2818731
463.3737593
443.3296025
425.609366
409.8038634
395.5969774
382.7403261
371.0358264
360.3234139
350.4722182
332.9388705
325.0906211
310.9070224
298.4113581
287.2959287
277.3258
268.3181693
260.1284375
249.1296343
242.5230669
233.5249939
225.45486
218.1639722
209.4554514
203.5655596
196.4313811
189.996327
182.7748356
177.5540366
171.6155189
165.2178368
159.4851441
154.3098179
149.6071186
144.6283421
139.5043761
134.8886561
130.7024131
125.979264
122.1388473
117.8897045
114.055081
110.2706272
106.5676876
103.214264
99.71220241
96.54394188
93.29425809
90.18750467
87.22294112
84.39790856
81.58664857
78.92856999
76.3148025
73.85432193
71.45366241
69.12459816
66.80836207
64.6498384
62.52319391
60.49420076
58.51580212
56.59755777
54.74593688
52.964918
51.22642119
49.56666793
47.93478219
46.38701403
44.85845373
43.39836015
41.98910099
40.61853238
39.29229718
38.01408361
36.77488934
35.56868191
34.40990238
33.29124268
32.20757011
31.15540413
30.13862487
29.15969336
28.20989685
27.28797218
26.40137183
25.53985398
24.71014068
23.90426603
23.12525834
22.37254674
21.64336476
20.93788837
20.25617397
19.59815851
18.9590908
18.34136175
17.74524701
17.16740833
16.608678
16.06769472
15.5443565
15.03854627
14.54942695
14.07575686
13.61781128
13.17469696
12.74577778
12.33101884
11.92997127
11.5419444
11.166442
10.80338529
10.45216955
10.11235768
9.783629231
9.465741077
9.158326239
8.860797656
8.573165402
8.294896206
8.025842092
7.765565126
7.513847672
7.270523981
7.035227519
6.807694875
6.587796932
6.375141185
6.169660527
5.971058684
5.779167419
5.593746661
5.414661239
5.241716574
5.074746178
4.913580894
4.758079804
4.608103339
4.463499675
4.324184798
4.18999572
4.060869616
3.936681817
3.817346011
3.702804455
3.592975576
3.487803219
3.387244732
3.291264403
3.199830646
3.112925833
3.030555293
2.952713817
2.87942176
2.81070263
2.746592151
2.687132055
2.632369288
2.582364073
2.537174704
2.496866866
2.461505846
