0.02511799718
0.02436219562
0.02234861057
0.02010471316
0.01840261404
0.01713835006
0.01607894301
0.01516320108
0.01434392127
0.01364431218
0.01303836913
0.01252532889
0.01207839666
0.01168002143
0.01132186946
0.01099062982
0.0106908316
0.01041749296
0.01016378363
0.009927175063
0.009706974622
0.009301390203
0.009115791284
0.00877127001
0.008456882655
0.00817046256
0.007905907765
0.007662321725
0.007439065862
0.00713568315
0.006952102041
0.006703728802
0.006482784209
0.006285059434
0.006047633532
0.005888447572
0.005696136609
0.00552474333
0.005331431693
0.005188566639
0.00502206669
0.004836109333
0.004665322944
0.004510853323
0.004372741382
0.004229482454
0.004083491356
0.003951200634
0.003828343213
0.00368864209
0.003576721645
0.003455813859
0.003350913611
0.003247319684
0.003142832159
0.00304878721
0.002951966963
0.002864357543
0.002775145271
0.002689485062
0.002605239869
0.002523846989
0.00244163956
0.002361972117
0.00228465528
0.002211456776
0.002138717491
0.002065826444
0.001993331671
0.001924465145
0.001859192955
0.00179815529
0.001742102533
0.001686587672
0.00163250738
0.001579804166
0.001529687047
0.001481469736
0.001433783335
0.001388953071
0.001345848647
0.001304469444
0.001264726962
0.001227688101
0.001191713805
0.001158831881
0.001124771589
0.001091023256
0.001059931912
0.001031654119
0.001004600715
0.0009784192996
0.0009529882709
0.0009268774268
0.0009002504261
0.0008741175345
0.0008495028378
0.0008266489368
0.0008062124909
0.0007850466061
0.0007625888679
0.0007399627223
0.0007180052516
0.0006978720228
0.0006806641461
0.0006651815814
0.0006487710224
0.0006326798794
0.0006149279391
0.0005970025903
0.0005809804464
0.000565628866
0.0005499146964
0.0005345427376
0.000517990239
0.0004993115194
0.0004814774858
0.0004652177824
0.0004498928453
0.0004356525214
0.0004200996496
0.0004052926774
0.0003917226514
0.0003794145028
0.0003678198904
0.0003603744027
0.0003531461789
0.0003449978259
0.0003359805404
0.0003285261884
0.0003232310915
0.0003196863754
0.0003156136425
0.0003111360635
0.0003070388176
0.0003015551783
0.0002965733814
0.0002921654371
0.0002883930261
0.0002849240804
0.0002800109645
0.0002747476741
0.0002701877286
0.0002669643168
0.0002633039462
0.0002595102168
0.0002527832225
0.0002445155344
0.0002372159394
0.0002281448576
0.0002181552487
0.0002068925861
0.0001953921825
0.0001838100962
0.0001730996547
0.0001628463931
0.000156915758
0.0001550862993
0.0001557664216
0.0001573187353
0.0001582123887
0.0001598160589
0.0001627002972
0.0001654397573
0.0001681795669
0.0001706870533
0.0001718213411
0.0001697988161
0.0001630731786
0.0001558908803
0.0001511480934
0.0001457978805
0.0001387470175
0.0001348006008
