0.02257119193
0.02210967038
0.0204353873
0.01862354032
0.01716333463
0.01602503637
0.01502699898
0.0141236956
0.01334139066
0.01268491075
0.01210568981
0.01162329787
0.01120395417
0.01083417768
0.01051245465
0.01021347206
0.009944390875
0.009700596672
0.009473942797
0.009263363348
0.009071664649
0.008722455789
0.008565697732
0.008280791323
0.008028998362
0.007803051869
0.007598709376
0.007412742771
0.007242363706
0.007013308748
0.006875987504
0.006685803386
0.006512232132
0.006352960201
0.00615634327
0.006017948793
0.005845585569
0.005683299278
0.005492782734
0.005349248209
0.00517908135
0.004987074978
0.004807331741
0.004637553884
0.004478706374
0.004305790325
0.004125679765
0.003963388857
0.00381845901
0.003657236983
0.003528841412
0.003391767092
0.003270691255
0.003153763552
0.003040761286
0.002939894359
0.002837950101
0.002746821463
0.00265505249
0.002566665508
0.002481281874
0.002395986541
0.002310883411
0.002231700015
0.00215519846
0.002085799396
0.002020192408
0.001960394517
0.001898761885
0.001840135616
0.001784204382
0.001730376498
0.001677168551
0.001624155067
0.001571693334
0.00152162048
0.001472934888
0.001423755962
0.001375177153
0.001330289966
0.001285144749
0.001242419661
0.001202961454
0.001164355445
0.001127746852
0.001092174045
0.001056951366
0.001023809504
0.0009916512642
0.0009608536081
0.000930895934
0.0009015309941
0.0008720921366
0.0008437151289
0.0008162688225
0.0007890427757
0.0007638959744
0.0007401325911
0.0007189129353
0.0006988021692
0.0006803873149
0.0006617300204
0.0006444161114
0.0006287323006
0.000614035937
0.0006014049564
0.0005889578536
0.0005766190027
0.0005641738104
0.0005509463542
0.0005372219725
0.0005234456836
0.0005117659519
0.0004988203143
0.0004858173593
0.0004735247935
0.0004611317723
0.0004482950142
0.0004367561317
0.0004270633322
0.0004184455539
0.000412408877
0.0004062354439
0.0004013734906
0.0003986935591
0.0003963636132
0.0003956679794
0.0003966917277
0.0003988562377
0.0004009021092
0.0004021087439
0.0004030673242
0.0004037159607
0.0004047250762
0.0004066999612
0.0004099894209
0.0004134913112
0.0004180175055
0.000422716072
0.0004274944527
0.0004332550979
0.0004399167132
0.0004467566798
0.0004542139004
0.0004618253379
0.0004689578613
0.0004755873448
0.0004814797922
0.0004859005173
0.0004884220762
0.0004887146876
0.0004874257308
0.0004853772988
0.0004830024281
0.0004808777426
0.000479041254
0.0004760930786
0.0004715272167
0.0004685499946
0.0004655772597
0.0004632148231
0.0004600795009
0.0004567684093
0.0004510005296
0.0004428675178
0.0004303408434
0.0004177286393
0.0004045947583
0.0003929023737
0.0003869518603
0.0003827071876
0.0003772715188
0.0003696772985
0.0003609985931
